#GSAS-II instrument parameter file; do not add/delete items!
Type:PXC
Lam:0.61992
Zero:0.0001929625242176098
Polariz.:0.99
U:0.6568566488076655
V:-0.3438219758831008
W:0.20591483153326592
X:-0.2673724046872062
Y:-5.267810298080659
Z:0.0
SH/L:0.0005
Azimuth:0.0
Source:TPS19A
Bank:1.0
